tree
version=v4
num_class=3
num_tree_per_iteration=3
label_index=0
max_feature_idx=11
objective=multiclass num_class:3
feature_names=Column_0 Column_1 Column_2 Column_3 Column_4 Column_5 Column_6 Column_7 Column_8 Column_9 Column_10 Column_11
feature_infos=[14.080536681200499:90.719433698937905] [-4438.9990557696256:4517.1027034055296] [9.9506245150324162:61.517665779087373] [158.80685028825974:5003.1142385747225] [-50.317811123529324:149.84926341275101] [0.32747143671705209:3.9359857915614822] [3.0625434562272149:124.21571199933719] [0:100] [0:100] [-100:0] [-68.312765913057888:296.16422750394986] [-347.71548662310516:371.46062284086855]
tree_sizes=446 544 442 2108 2110 1593 2215 1163 1906 2320 2014 2421 560 563 456 2307 2118 1699 563 550 456 561 551 457 460 550 462 2935 2319 2315

Tree=0
num_leaves=3
num_cat=0
split_feature=9 4
split_gain=6.35609 1.10485
threshold=-78.277713169802453 3.9460012731877137
decision_type=2 2
left_child=-1 -2
right_child=1 -3
leaf_value=-1.0333527691584565 -1.0887660815433269 -1.1272918367003189
leaf_weight=9.933006703853609 6.919934734702113 13.691176623106001
leaf_count=27 21 43
internal_value=-1.08513 -1.11356
internal_weight=30.5441 20.6111
internal_count=91 64
is_linear=0
shrinkage=1


Tree=1
num_leaves=4
num_cat=0
split_feature=8 4 9
split_gain=4.75261 4.86581 1.68829
threshold=46.296231871481609 10.918990875121315 -38.780375926521124
decision_type=2 2 2
left_child=1 -1 -2
right_child=2 -3 -4
leaf_value=-1.020931997230266 -1.1568726018992213 -1.1133190397436288 -1.0991984424259431
leaf_weight=6.8905229419469851 7.3937909752130535 7.2238563299179077 9.0359478145837766
leaf_count=27 17 20 27
internal_value=-1.0993 -1.06462 -1.13108
internal_weight=30.5441 14.1144 16.4297
internal_count=91 47 44
is_linear=0
shrinkage=1


Tree=2
num_leaves=3
num_cat=0
split_feature=8 4
split_gain=6.67336 4.00826
threshold=26.025055451546134 3.031569697316765
decision_type=2 2
left_child=-1 -2
right_child=1 -3
leaf_value=-1.1609949610100907 -1.1186366800207792 -1.0457703126375437
leaf_weight=10.820261597633364 9.4207517802715319 10.303104683756827
leaf_count=35 26 30
internal_value=-1.1106 -1.08
internal_weight=30.5441 19.7239
internal_count=91 56
is_linear=0
shrinkage=1


Tree=3
num_leaves=19
num_cat=0
split_feature=6 4 8 4 0 9 4 4 4 5 11 2 2 7 3 3 2 5
split_gain=15.0167 25.9028 6.54703 4.86253 12.7535 7.91954 5.41361 4.42032 9.28765 4.06072 3.43889 3.44081 3.09042 3.19371 3.35413 2.66987 2.45197 1.21069
threshold=24.865598389148996 5.263803721647851 93.217670129940487 -22.199887116656317 40.346628792578656 -66.94721841205795 59.065107211946504 18.486102806975662 39.134552505746846 0.99427548179047132 -152.33430680762874 34.121089463027651 31.122336516840246 32.78900850596915 2586.9022389915358 3272.044136781195 51.329862370538194 1.0131871655384592
decision_type=2 2 2 2 2 2 2 2 2 2 2 2 2 2 2 2 2 2
left_child=2 12 3 4 -1 -6 10 -3 17 -7 -5 -12 -2 -14 -15 16 -10 -9
right_child=1 7 -4 6 5 9 -8 8 15 -11 11 -13 13 14 -16 -17 -18 -19
leaf_value=-0.044739391816963382 0.016363721270483588 -0.039024274645542319 -0.039953953922028038 0.01586044712140584 0.063471382755697622 -0.0093863824716419551 0.027721307957150488 0.043334521300358537 -0.041369892823273663 0.032537799936828794 -0.02413953249326397 -0.0031944401912087656 0.069281273931559015 0.014886224399180005 0.057006203822222004 0.0018874690630973673 -0.0020027566386562061 0.012062891635925494
leaf_weight=7.8892693221569052 11.434980660676954 9.3533036410808545 16.028834104537964 7.2632184624671927 7.7911382913589504 14.025040596723558 6.8721111714839926 6.7380315661430341 12.676260799169546 8.3496447503566724 66.173892617225647 28.993752121925354 12.989592999219893 12.577965915203096 8.3007864058017713 9.6160571277141553 6.1001313030719748 7.9613929986953735
leaf_count=25 33 31 50 21 21 44 21 20 42 24 201 85 35 38 23 29 19 25
internal_value=-0.00122273 0.0141719 -0.0104934 -0.0070074 0.00815441 0.0231398 -0.0123576 -0.00964678 -0.0024164 0.00676741 -0.0153368 -0.01791 0.0414663 0.0490859 0.0337006 -0.0190514 -0.029581 0.0285631
internal_weight=261.135 97.7485 163.387 147.358 38.0551 30.1658 109.303 52.4452 43.0919 22.3747 102.431 95.1676 45.3033 33.8683 20.8788 28.3924 18.7764 14.6994
internal_count=787 295 492 442 114 89 328 166 135 68 307 286 129 96 61 90 61 45
is_linear=0
shrinkage=0.05


Tree=4
num_leaves=19
num_cat=0
split_feature=3 1 2 2 2 3 6 4 4 1 11 1 8 7 2 6 1 1
split_gain=28.4838 12.407 9.32828 12.7072 8.03421 8.39311 7.06519 6.78386 6.50205 6.4176 6.14102 3.97102 3.6059 3.57754 2.34718 6.39035 2.21005 1.59613
threshold=310.92340525569108 -570.31402029810386 26.788377701732859 17.927805883724677 55.644265000105328 695.45227247741514 11.602368389352536 56.945753885987237 -32.893257681687267 1063.4994378708548 76.032188391162421 -141.93554902581272 82.32575054202961 91.755242724658089 37.516645178186074 43.072004222711222 1491.7603087522136 -1049.4290633951621
decision_type=2 2 2 2 2 2 2 2 2 2 2 2 2 2 2 2 2 2
left_child=-1 8 3 6 5 10 -3 11 -2 -7 -4 -5 14 -14 17 -16 -9 -10
right_child=1 2 4 7 -6 9 -8 16 12 -11 -12 -13 13 -15 15 -17 -18 -19
leaf_value=0.08038400248720301 0.016778035705864561 0.0013780012448575854 0.016032885483382203 -0.0024698401543878819 -0.024442407944523584 -0.0081442975233822872 0.066755215713863281 0.034433889020920032 -0.046090497899964424 0.025355957336323395 0.07350491204919711 -0.031645315207446088 0.02191950175406987 -0.022828919845686461 0.023703170986570377 -0.039410378102365855 -0.0025208641390713831 -0.021631678406103597
leaf_weight=10.208113640546797 10.906150579452513 8.7095822393894178 9.0700118541717547 17.531210541725159 9.1859605312347394 22.102781355381012 7.2300248444080344 6.4634952247142783 20.811112821102135 36.713353365659714 11.188906431198118 37.564333260059357 7.2181557714939109 8.7420824468135816 6.3649435043334943 7.8177717924118042 8.0632652044296247 15.654132574796682
leaf_count=36 34 26 28 52 26 65 25 21 56 116 39 105 23 25 20 21 24 45
internal_value=0.00238921 -0.00106475 0.00633387 -0.0053629 0.017662 0.0228598 0.0335177 -0.0146837 -0.0175889 0.0127575 0.0499741 -0.0226604 -0.0234549 -0.0021971 -0.0298846 -0.0110612 0.0147584 -0.0365817
internal_weight=261.545 251.337 173.823 85.5619 88.261 79.0751 15.9396 69.6223 77.5143 58.8161 20.2589 55.0955 66.6082 15.9602 50.648 14.1827 14.5268 36.4652
internal_count=787 751 527 253 274 248 51 202 224 181 67 157 190 48 142 41 45 101
is_linear=0
shrinkage=0.05


Tree=5
num_leaves=14
num_cat=0
split_feature=6 6 1 1 4 4 2 8 7 2 1 1 2
split_gain=16.9053 22.1579 12.8308 10.888 9.90495 6.43265 6.23904 4.79683 5.25546 3.0001 3.32405 1.19804 0.898391
threshold=24.865598389148996 8.7436566419401256 2119.5055789118028 2767.7306390992258 59.065107211946504 -32.222498755988191 17.927805883724677 11.071555507775445 97.709093183414339 27.643234276080438 -208.77235129599578 -29.121403839277356 53.174589102390662
decision_type=2 2 2 2 2 2 2 2 2 2 2 2 2
left_child=1 11 4 7 5 -3 -7 -2 9 10 -9 -1 -11
right_child=3 2 -4 -5 -6 6 -8 8 -10 12 -12 -13 -14
leaf_value=-0.040804071124221838 0.0063846861116436324 -0.021094153384544293 -0.043644599650826538 0.025662889528298961 -0.03175951153723304 -0.0099257916413633875 0.030133775385475306 0.013807113298159923 0.011823386399766128 -0.040660730683269683 -0.031204198004279562 -0.011569827198035731 -0.016453992069595996
leaf_weight=18.149121582508091 10.854853212833403 6.6939334869384757 7.3803637325763694 11.836361318826674 7.6583193838596335 10.020227730274199 106.04746368527412 6.6051685214042664 6.7461762726306906 46.385487079620361 7.9202931225299817 6.1701727211475363 7.0452400445938101
leaf_count=58 32 23 23 34 23 33 312 20 20 143 25 20 21
internal_value=-0.00115831 0.00869915 0.0165224 -0.0175393 0.0202715 0.0237882 0.0265774 -0.0238013 -0.02828 -0.0324474 -0.0108432 -0.0343343 -0.0379217
internal_weight=259.513 162.12 137.8 97.3936 130.42 122.762 116.068 85.5572 74.7024 67.9562 14.5255 24.3193 53.4307
internal_count=787 492 414 295 391 368 345 261 229 209 45 78 164
is_linear=0
shrinkage=0.05


Tree=6
num_leaves=20
num_cat=0
split_feature=1 4 8 2 3 1 4 0 3 10 0 4 3 3 5 2 2 7 0
split_gain=15.5488 8.55876 10.2211 6.27824 9.47356 6.20054 6.6252 5.78002 6.45302 5.56634 8.34973 5.05634 3.43801 12.2601 4.15426 3.94751 3.64642 0.88387 0.668657
threshold=-2404.4070235600425 -13.106596544160642 33.0361540983452 31.475528519094922 822.59074275776527 1463.9819065174713 75.233393797919021 39.132457116244652 553.03424057982045 2.5280777754662092 60.1803897351028 -30.024582813210007 1577.4079235410511 1166.5966526373879 0.85309322950483335 24.429878016849106 28.213438939583536 71.563627860996334 69.014418703470085
decision_type=2 2 2 2 2 2 2 2 2 2 2 2 2 2 2 2 2 2 2
left_child=17 2 3 4 -2 12 9 -4 -9 10 -7 -10 13 14 -3 -14 -17 -1 -8
right_child=1 5 7 -5 -6 6 18 8 11 -11 -12 -13 15 -15 -16 16 -18 -19 -20
leaf_value=0.058290762005005492 0.056165449607946866 -0.039370252195390913 -0.033419453766555578 0.064984130225381853 -0.012237122878639418 -0.027835359781677185 -0.0074557890602541107 -0.029158995841505136 -0.021105740458629993 0.055727021827018733 0.03361370755752581 0.025114497504574642 -0.042195089072782521 0.03649764373413069 -0.009405892202620723 0.0080184255268498355 -0.026949945884567367 0.026035278114165308 -0.029641254129386209
leaf_weight=8.1289498805999738 7.267937481403357 16.313104689121246 11.902632325887678 9.0029432177543622 12.143940806388853 9.1819108426570946 8.3139041066169757 9.7088616192340833 6.6149586439132646 6.8782406449317923 11.063755542039869 26.296005785465244 22.225418448448181 11.184789538383482 39.810807287693024 11.307135403156282 18.152003854513168 7.5553930401802054 7.7103467285633078
leaf_count=22 20 54 38 24 35 30 25 32 20 20 33 74 69 31 127 34 53 21 25
internal_value=-0.00114588 -0.00432718 0.00863631 0.0324177 0.0146252 -0.0110011 0.00506234 -0.00402814 0.00464345 0.0199518 0.00551126 0.0153286 -0.0168612 -0.00908767 -0.0187397 -0.026525 -0.0135415 0.0455442 -0.0195385
internal_weight=260.763 245.079 82.9373 28.4148 19.4119 162.141 43.1482 54.5225 42.6198 27.1239 20.2457 32.911 118.993 67.3087 56.1239 51.6846 29.4591 15.6843 16.0243
internal_count=787 744 243 79 55 501 133 164 126 83 63 94 368 212 181 156 87 43 50
is_linear=0
shrinkage=0.05


Tree=7
num_leaves=10
num_cat=0
split_feature=3 0 6 4 4 10 10 3 11
split_gain=25.643 10.5361 10.1497 10.6161 6.07016 4.32913 4.27588 3.7223 0.807058
threshold=310.92340525569108 72.350676935610892 42.348660277050435 -32.893257681687267 41.059202690155423 2.2429307352515586 2.6219940005442814 1501.972470238293 151.47986979932102
decision_type=2 2 2 2 2 2 2 2 2
left_child=-1 2 3 -2 6 -6 -5 8 -3
right_child=1 7 -4 4 5 -7 -8 -9 -10
leaf_value=0.075234517407722815 0.053946532105657787 0.056249206440932314 -0.038676771262096885 -0.0026842698899289664 0.037540444932581893 -0.00088714278504675248 -0.02185951510967472 0 0.023789057690868184
leaf_weight=10.522611647844313 7.4346613883972159 8.3753437101840991 18.567567735910416 139.98623090982437 13.285457015037538 14.452338069677351 36.110578745603561 6.6331851184368125 6.348803222179412
leaf_count=36 25 28 51 418 43 43 103 20 20
internal_value=0.0022924 -0.00102955 -0.00421891 -0.00099906 -0.00328114 0.0180102 -0.00674583 0.0317226 0.0449739
internal_weight=261.717 251.194 229.837 211.269 203.835 27.7378 176.097 21.3573 14.7241
internal_count=787 751 683 632 607 86 521 68 48
is_linear=0
shrinkage=0.05


Tree=8
num_leaves=17
num_cat=0
split_feature=6 3 1 4 1 3 1 4 1 2 0 6 10 9 0 0
split_gain=15.3718 25.419 13.7128 10.8234 10.2215 9.57884 7.49399 5.91304 4.02717 15.2484 3.44178 3.26711 1.89759 1.8363 0.497987 0.0197018
threshold=24.865598389148996 651.2813497278604 2119.5055789118028 59.065107211946504 2767.7306390992258 2610.4502666181293 167.43566490934026 -32.222498755988191 -442.10134291579749 31.122336516840246 70.810254390477311 33.413071239763347 -1.4073262224649217 -66.22516474788749 51.722082257011415 41.072877476853726
decision_type=2 2 2 2 2 2 2 2 2 2 2 2 2 2 2 2
left_child=1 6 3 5 8 7 14 -3 9 -2 15 -12 -11 -14 -1 -10
right_child=4 2 -4 -5 -6 -7 -8 -9 10 12 11 -13 13 -15 -16 -17
leaf_value=-0.043907850412608043 0.047394308295676084 -0.020765943327346867 -0.042800674533048304 -0.030627468943748293 0.024797683695176549 0.065917758933543971 0.0069235297114256106 0.025453731340675013 -0.025596377867325694 -0.04082991317389556 0.0091189405506385338 -0.032992706826679909 -0.029665148970038774 0.0021081647866143267 -0.02262213630072113 -0.04541235749782549
leaf_weight=20.334937125444416 7.9350632131099692 6.6606798768043509 7.2528373897075644 7.5241306722164145 11.920200437307356 13.970379948616026 12.293421298265455 85.930539816617966 6.2251496016979244 13.084636956453325 8.0772733092308062 8.4239340126514417 7.9113992154598263 8.4843250513076764 8.8705596029758436 24.472247064113617
leaf_count=65 23 23 23 23 34 38 38 253 20 39 24 28 23 25 29 79
internal_value=-0.00114183 0.00819784 0.0197496 0.024107 -0.0168701 0.028267 -0.0251307 0.0218891 -0.0230197 -0.0101773 -0.0326739 -0.0127503 -0.0268841 -0.0137599 -0.0385713 -0.0424859
internal_weight=259.372 162.837 121.339 114.086 96.5342 106.562 41.4989 92.5912 84.614 37.4154 47.1986 16.5012 29.4804 16.3957 29.2055 30.6974
internal_count=787 492 360 337 295 314 132 276 261 110 151 52 87 48 94 99
is_linear=0
shrinkage=0.05


Tree=9
num_leaves=21
num_cat=0
split_feature=1 6 10 1 1 11 3 6 2 1 6 3 3 6 10 3 2 9 5 6
split_gain=14.0613 7.12752 7.80075 7.33936 5.21899 6.14092 4.14115 5.96952 3.73588 6.63523 3.65053 3.14883 5.01845 3.86551 2.98114 2.70801 2.60658 2.06924 1.60533 0.84037
threshold=-2404.4070235600425 24.865598389148996 2.5410342034620674 13.477161631753159 2216.6320368764814 14.042777954452246 310.92340525569108 15.77397553549395 31.122336516840246 -536.70009165598844 16.307736972414457 1175.0699453579293 2018.7655418752649 28.24836351676645 -1.954400697926739 2056.3079065689212 20.611647397601605 -25.804596387615693 1.1678568464224859 50.253864261014208
decision_type=2 2 2 2 2 2 2 2 2 2 2 2 2 2 2 2 2 2 2 2
left_child=19 2 4 8 5 10 -4 16 9 -3 -2 18 -13 -14 -7 -10 -8 -9 -5 -1
right_child=1 3 6 11 -6 14 7 17 15 -11 -12 12 13 -15 -16 -17 -18 -19 -20 -21
leaf_value=0.024407474825141249 0.0029779655940227823 -0.028561524260948459 -0.030342954198200763 -0.041428837866948842 0.023526233037247157 -0.01946397353527507 0.049340173761234653 0.0092207408521724175 0.019516416845801573 0.035333633970362571 -0.020861182006566212 0.035394104009539587 0.019674271481527936 -0.018515414020604457 -0.046629247826604284 0.05877124347710927 0.011922733794283311 -0.022322810505313664 -0.0055326166166725713 0.05518468712783791
leaf_weight=7.6980800330638877 30.353541642427444 6.9154649972915649 5.3260440230369559 6.2923519015312177 6.4618192911148062 23.564395844936371 9.5838621556758898 9.2026946842670458 12.161583095788957 7.3234659135341627 31.869173943996429 8.0450073480606061 8.4848804175853747 20.825281292200089 22.616683274507523 8.4980388581752759 10.624723106622694 9.511312782764433 6.7050983011722565 8.2493354976177198
leaf_count=22 90 20 20 22 20 72 27 27 35 21 95 24 26 66 73 23 31 30 22 21
internal_value=-0.00108724 -0.00414414 -0.0103853 0.00743178 -0.0172279 -0.0198957 0.00725528 0.0131565 0.0247391 0.0041355 -0.0092897 -0.00471444 0.00267614 -0.00701072 -0.0335802 0.0378621 0.0313933 -0.00687662 -0.0249862 0.0429399
internal_weight=260.313 244.365 159.114 85.2512 114.866 108.404 44.2486 38.9226 34.8986 14.2389 62.2227 50.3526 37.3552 29.3102 46.1811 20.6596 20.2086 18.714 12.9975 15.9474
internal_count=787 744 485 259 350 330 135 115 99 41 185 160 116 92 145 58 58 57 44 43
is_linear=0
shrinkage=0.05


Tree=10
num_leaves=18
num_cat=0
split_feature=3 1 2 2 3 11 4 6 1 6 1 6 6 8 5 1 8
split_gain=23.016 10.9584 8.64315 11.3187 10.046 7.7624 7.28309 8.67016 7.76749 6.39639 5.51591 9.2924 4.65101 2.50536 2.06632 1.68104 0.2873
threshold=310.92340525569108 -808.29654756325601 28.213438939583536 17.927805883724677 1936.8271537843618 -45.574952813328146 -18.465482158748831 33.187210397823875 -1791.0931732399699 11.602368389352536 3365.5637239656917 23.966800547278691 21.245559136947048 20.424002509614407 1.3684138553982887 -1049.4290633951621 83.773785724717854
decision_type=2 2 2 2 2 2 2 2 2 2 2 2 2 2 2 2 2
left_child=-1 6 3 9 14 13 7 8 -2 -3 11 -7 -6 -4 -5 16 -8
right_child=1 2 5 4 12 10 15 -9 -10 -11 -12 -13 -14 -15 -16 -17 -18
leaf_value=0.070460493659049384 0.06656396506016142 0.0013411020347502576 0.073612529967379881 -0.031471522899847337 -0.01277488555586806 -0.0033903847897716177 -0.041622068563095554 -0.030653521145178299 -0.0033138325890703889 0.063258692232580099 -0.028272569580285914 0.033113664633019312 0.022912311038146081 0.023068760149033307 -0.0011509605504505264 -0.010885425361938619 -0.021161930464739187
leaf_weight=10.801212340593336 5.7929786145687094 8.7120099067688006 6.0524779856204969 40.699569046497345 15.046079307794569 34.736991375684738 22.656093657016758 10.687016427516935 9.0749451816082018 7.3984439671039572 7.4156810343265525 33.227703750133514 20.103294372558594 6.4010582864284515 6.9830364286899558 9.0803545415401441 6.8738361895084372
leaf_count=36 20 26 21 115 44 103 63 30 27 25 21 105 63 20 21 27 20
internal_value=0.00221348 -0.000972222 0.00514172 -0.00493984 -0.0125012 0.0164824 -0.0186516 0.00190295 0.0260766 0.0321031 0.0100066 0.0146052 0.00756689 0.0516507 -0.0272487 -0.0320869 -0.0378724
internal_weight=261.743 250.942 186.776 98.9424 82.832 87.8339 64.1652 25.5549 14.8679 16.1105 75.3804 67.9647 35.1494 12.4535 47.6826 38.6103 29.5299
internal_count=787 751 564 294 243 270 187 77 47 51 229 208 107 41 136 110 83
is_linear=0
shrinkage=0.05


Tree=11
num_leaves=22
num_cat=0
split_feature=3 2 7 2 9 11 1 1 1 3 1 1 1 1 0 7 0 0 11 5 9
split_gain=13.9365 9.85726 11.3616 8.992 8.04901 6.62542 7.56322 5.66715 4.88567 8.64 8.77449 4.57517 7.3107 2.54792 2.48119 1.77829 1.47878 3.35851 0.993053 0.316631 0.284285
threshold=651.2813497278604 31.240501441659216 94.819892349796746 53.469542625550318 -58.239009917383747 14.042777954452246 -151.29465203662059 351.46906608008504 -777.3119024582976 1966.0252694950998 1.0000000180025095e-35 -2030.137204188339 -1703.4731907501878 3280.3527824552525 56.747369899413933 12.206220707775971 51.722082257011415 60.848045057726303 -54.193408725264369 0.92306148441670388 -7.6832770043839504
decision_type=2 2 2 2 2 2 2 2 2 2 2 2 2 2 2 2 2 2 2 2 2
left_child=3 4 11 16 8 19 14 -8 -2 10 -10 18 -13 -14 -7 -11 -1 -18 -3 -6 -19
right_child=1 2 -4 -5 5 6 7 -9 9 15 -12 12 13 -15 -16 -17 17 20 -20 -21 -22
leaf_value=-0.041792140480450088 0.053277799905036352 -0.04101783157750874 0.041095959047197678 0.022413932377977886 -0.036286784534405384 0.051106594776835407 -0.037955546611078667 0.0085245266106475821 0.0097934962441397714 -0.02421257698410767 0.071462485346574109 0.038099762846893856 -0.017389462154216568 0.01247842336048968 0.010079681602320598 0.0061268631006515832 0.007666450800504692 -0.042934989593382739 -0.013368496061276193 -0.014980245756410916 -0.019211196073755446
leaf_weight=23.97670666873455 13.750138729810713 14.244307577610018 9.6372936367988569 7.9039624929428092 6.8336276412010175 10.191643327474596 8.0148551464080828 22.911964386701584 13.667160511016847 7.865611374378207 9.801146596670149 7.0106437206268302 46.371174722909927 7.4665969908237448 6.8982121348381034 9.5208271741867048 6.4474226534366634 7.0012885630130777 6.5955587327480307 6.7775423228740692 6.17524781823158
leaf_count=79 39 44 27 23 20 29 25 69 40 25 28 20 141 21 21 30 20 25 20 21 20
internal_value=-0.0011246 0.00465613 -0.00755571 -0.0241606 0.0142764 0.00171627 0.010573 -0.00417597 0.0280762 0.0184046 0.0376209 -0.0137835 -0.00651441 -0.013004 0.0362954 -0.0078971 -0.033029 -0.0205724 -0.0335089 -0.027771 -0.0343088
internal_weight=259.063 207.558 91.3256 51.5046 116.233 61.6278 48.0167 30.9268 54.6049 40.8547 23.4683 81.6883 60.8484 53.8378 17.0899 17.3864 43.6007 19.624 20.8399 13.6112 13.1765
internal_count=787 620 273 167 347 185 144 94 162 123 68 246 182 162 50 55 144 65 64 41 45
is_linear=0
shrinkage=0.05


Tree=12
num_leaves=4
num_cat=0
split_feature=11 3 4
split_gain=7.147 3.08978 4.25346
threshold=-86.52538808416692 610.39165267344322 3.9460012731877137
decision_type=2 2 2
left_child=-1 -2 -3
right_child=1 2 -4
leaf_value=0.044950928807766632 -0.033683965938719543 0.031725098974662892 -0.016882010369260625
leaf_weight=8.0737333893775958 6.5672584176063564 7.0538058280944851 9.1479746103286725
leaf_count=22 21 18 31
internal_value=0.00729104 -0.00718185 0.00460357
internal_weight=30.8428 22.769 16.2018
internal_count=92 70 49
is_linear=0
shrinkage=0.05


Tree=13
num_leaves=4
num_cat=0
split_feature=8 4 7
split_gain=5.16989 7.90526 2.57627
threshold=46.296231871481609 10.339680680993558 73.838191405403322
decision_type=2 2 2
left_child=1 -1 -2
right_child=2 -3 -4
leaf_value=0.056151248372630136 -0.036459117492980225 -0.013372044731832991 0.0016876175433418981
leaf_weight=6.8494309633970278 8.6278792470693606 7.7174610197544098 7.5938726514577857
leaf_count=27 21 21 23
internal_value=-0.000230766 0.0205041 -0.0192501
internal_weight=30.7886 14.5669 16.2218
internal_count=92 48 44
is_linear=0
shrinkage=0.05


Tree=14
num_leaves=3
num_cat=0
split_feature=8 4
split_gain=7.29206 4.5739
threshold=26.025055451546134 3.031569697316765
decision_type=2 2
left_child=-1 -2
right_child=1 -3
leaf_value=-0.038497260812003775 -0.01348817200600862 0.032368023371753755
leaf_weight=10.691122487187387 9.3786829411983508 10.438275307416914
leaf_count=36 26 30
internal_value=-0.00697698 0.0108203
internal_weight=30.5081 19.817
internal_count=92 56
is_linear=0
shrinkage=0.05


Tree=15
num_leaves=21
num_cat=0
split_feature=6 4 8 4 3 3 9 11 2 4 4 11 3 2 9 9 9 3 8 4
split_gain=11.6046 18.2478 5.65754 4.58717 5.0622 7.29477 4.73246 5.41482 4.56111 4.34852 8.13754 3.74446 2.43645 2.54256 2.31151 3.33252 5.52135 0.939766 0.394774 0.110158
threshold=24.865598389148996 5.263803721647851 93.217670129940487 61.859062068122732 651.2813497278604 293.31413571711636 -44.604580166446574 25.988715419587979 26.414423403540784 18.486102806975662 39.134552505746846 -135.59653123525933 3272.044136781195 51.329862370538194 -84.216240932955699 -68.225045918024279 -59.378830685684953 1231.128366695016 87.250583721722379 14.102665638229821
decision_type=2 2 2 2 2 2 2 2 2 2 2 2 2 2 2 2 2 2 2 2
left_child=2 14 3 4 5 -1 11 -8 -7 -3 17 -6 13 -12 -2 -16 -17 -11 -18 -4
right_child=1 9 19 -5 6 8 7 -9 -10 10 12 -13 -14 -15 15 16 18 -19 -20 -21
leaf_value=-0.03914222790968306 0.010044040330539863 -0.037863290215847972 -0.043535732072822936 0.032013787023726724 0.0047265563659571342 0.03564254727771457 0.037881140733677848 -0.0088291914854938432 -0.002298056283797706 0.0097186033545689221 -0.039714585120476591 -0.027876800573072003 0.0027448154936614753 0 0.059647578182935569 -0.010150678355439192 0.04938306566770459 0.038024512848142317 0.024639797531607818 -0.021563104606848373
leaf_weight=5.8583745360374442 9.4767099022865278 9.1031606346368772 9.6688139140605909 6.3978458344936362 9.9388644099235517 15.666638731956484 6.4900067150592795 35.039624005556107 14.437432914972304 6.3945696353912345 12.196760863065725 52.060231924057007 9.5142890214920026 5.8978607654571524 13.634692281484599 6.8245439231395713 9.7987872064113706 8.4132798314094526 7.6699702441692343 5.5684300363063803
leaf_count=23 26 31 30 19 28 45 19 107 45 20 42 156 29 19 35 20 26 25 22 20
internal_value=-0.00126318 0.0121224 -0.00953628 -0.00633111 -0.00834076 0.00757832 -0.013938 -0.000692946 0.0177972 -0.00836455 -0.00119232 -0.0225788 -0.0171823 -0.027517 0.0342039 0.039699 0.0263896 0.0275053 0.0407122 -0.0376363
internal_weight=260.051 98.9246 161.126 145.889 139.491 35.9624 103.529 41.5296 30.1041 51.5199 42.4168 61.9991 27.6089 18.0946 47.4047 37.928 24.2933 14.8078 17.4688 15.2372
internal_count=787 295 492 442 423 113 310 126 90 166 135 184 90 61 129 103 68 45 48 50
is_linear=0
shrinkage=0.05


Tree=16
num_leaves=19
num_cat=0
split_feature=3 1 2 2 3 2 3 2 4 6 1 6 10 6 2 1 8 1
split_gain=20.6115 10.0783 8.01344 10.3971 9.7849 7.40831 7.15033 6.91677 6.91223 8.33172 7.0747 5.95509 5.62363 4.30192 1.92105 1.65404 0.307157 0.0345592
threshold=310.92340525569108 -808.29654756325601 28.213438939583536 17.927805883724677 1936.8271537843618 55.644265000105328 738.69851691194106 29.925220119616725 -18.465482158748831 33.187210397823875 -1791.0931732399699 11.602368389352536 3.9478458578193547 21.245559136947048 19.613256739188824 -1049.4290633951621 83.773785724717854 -2428.4313676124625
decision_type=2 2 2 2 2 2 2 2 2 2 2 2 2 2 2 2 2 2
left_child=-1 8 3 11 14 6 12 -8 9 10 -2 -3 -4 -6 -5 16 17 -10
right_child=1 2 5 4 13 -7 7 -9 15 -11 -12 -13 -14 -15 -16 -17 -18 -19
leaf_value=0.065903805446166072 0.063574517366246378 0.00065978843938416568 0.060366140775251466 -0.0042261635068487902 -0.012177618153050098 -0.024708515479027419 0.054170910290753709 0.0036577762489138329 -0.025683527643011295 -0.0302403205530981 -0.0028736472598130825 0.060000846193907442 0.0053319904573048979 0.02217525405698826 -0.031561513895680904 -0.010309701679730329 -0.020390609233380166 -0.04546509675925256
leaf_weight=11.035492986440657 5.9059612751007071 8.7545523345470446 15.243131548166277 8.5914572775363904 14.927010595798491 9.1987490653991681 6.9321475923061362 49.893493890762329 6.8893155753612545 10.605364948511122 9.024916350841524 7.5463053882122031 7.0821683704853049 20.215226948261261 38.772834211587906 8.9949528276920301 6.7869529426097861 15.387951195240023
leaf_count=36 20 26 50 26 44 26 23 150 20 30 27 25 21 63 110 27 20 43
internal_value=0.00197999 -0.00106401 0.0047693 -0.0049606 -0.0122664 0.0156406 0.020642 0.0107366 -0.0181165 0.00185728 0.0254371 0.0303003 0.0440993 0.00751199 -0.0268964 -0.0313507 -0.0371367 -0.0409286
internal_weight=261.788 250.752 187.157 98.8074 82.5065 88.3497 79.1509 56.8256 63.5954 25.5362 14.9309 16.3009 22.3253 35.1422 47.3643 38.0592 29.0642 22.2773
internal_count=787 751 564 294 243 270 244 173 187 77 47 51 71 107 136 110 83 63
is_linear=0
shrinkage=0.05


Tree=17
num_leaves=15
num_cat=0
split_feature=6 6 1 1 4 1 9 8 7 8 2 1 1 10
split_gain=13.5969 17.9339 10.9807 8.62936 8.59694 5.35497 6.57531 4.90445 4.63075 3.24468 2.60123 2.71887 1.02666 0.828179
threshold=24.865598389148996 8.7436566419401256 2119.5055789118028 2767.7306390992258 59.065107211946504 973.02094765348431 -53.39639713147097 11.071555507775445 97.709093183414339 32.162781245106835 27.643234276080438 -208.77235129599578 -29.121403839277356 -1.6922031504104871
decision_type=2 2 2 2 2 2 2 2 2 2 2 2 2 2
left_child=1 12 4 7 5 6 -3 -2 10 -7 11 -9 -1 -12
right_child=3 2 -4 -5 -6 9 -8 8 -10 -11 13 -13 -14 -15
leaf_value=-0.038134185242192156 0.0093555727313729391 0.029934701410822662 -0.041895068686909044 0.022113917627208848 -0.030685539067369517 0.02035549633861173 0.0047485742744405347 0.011917813071199299 0.011249587774039114 0.064145778585567678 -0.043668855444846 -0.02901727289033362 -0.010638253128608322 -0.027002306541524124
leaf_weight=17.019098788499836 10.45962607860565 48.214021608233452 7.0844747722148886 12.151418000459669 7.5179551839828482 9.7229814231395739 56.879244804382324 6.6841217577457428 6.7795104086399069 10.114599198102949 23.681120306253426 7.5876895636320096 6.0853937566280356 27.234191253781326
leaf_count=58 32 142 23 34 23 29 171 20 20 26 77 25 20 87
internal_value=-0.00071863 0.00801575 0.0148306 -0.0157175 0.0181935 0.0213949 0.0165237 -0.0215528 -0.0261802 0.0449297 -0.0302596 -0.00999314 -0.0318414 -0.0355422
internal_weight=257.215 162.638 139.533 94.5777 132.449 124.931 105.093 82.4263 71.9666 19.8376 65.1871 14.2718 23.1045 50.9153
internal_count=787 492 414 295 391 368 313 261 229 55 209 45 78 164
is_linear=0
shrinkage=0.05


Tree=18
num_leaves=4
num_cat=0
split_feature=11 3 4
split_gain=6.54594 3.02138 3.86344
threshold=-86.52538808416692 610.39165267344322 3.9460012731877137
decision_type=2 2 2
left_child=-1 -2 -3
right_child=1 2 -4
leaf_value=0.042121034338800205 -0.033668791926234384 0.029791251529585158 -0.016434614692004936
leaf_weight=8.2325018793344515 6.5589978992939022 7.1570303589105633 9.0803664326667768
leaf_count=22 21 18 31
internal_value=0.00645422 -0.00744487 0.00419676
internal_weight=31.0289 22.7964 16.2374
internal_count=92 70 49
is_linear=0
shrinkage=0.05


Tree=19
num_leaves=4
num_cat=0
split_feature=8 4 7
split_gain=4.79444 7.44311 2.40932
threshold=46.296231871481609 10.339680680993558 73.838191405403322
decision_type=2 2 2
left_child=1 -1 -2
right_child=2 -3 -4
leaf_value=0.054340350644242121 -0.035277676483661119 -0.01301602566354618 0.0017889576733545528
leaf_weight=6.9271918088197726 8.4104900956153852 7.6780546307563782 7.5803014487028113
leaf_count=27 21 21 23
internal_value=0 0.0200453 -0.0183411
internal_weight=30.596 14.6052 15.9908
internal_count=92 48 44
is_linear=0
shrinkage=0.05


Tree=20
num_leaves=3
num_cat=0
split_feature=8 4
split_gain=6.90691 4.16627
threshold=26.025055451546134 3.031569697316765
decision_type=2 2
left_child=-1 -2
right_child=1 -3
leaf_value=-0.037705393459584742 -0.012833534877676731 0.030944723243504248
leaf_weight=10.48151569068432 9.2836793959140795 10.536294370889662
leaf_count=36 26 30
internal_value=-0.00664197 0.0105673
internal_weight=30.3015 19.82
internal_count=92 56
is_linear=0
shrinkage=0.05


Tree=21
num_leaves=4
num_cat=0
split_feature=11 7 2
split_gain=6.04726 3.52999 0.998002
threshold=-86.52538808416692 75.446602093322142 24.463206057662983
decision_type=2 2 2
left_child=-1 2 -2
right_child=1 -3 -4
leaf_value=0.040175728779129505 -0.033832720289488 0.021734488866571061 -0.0075959800522587481
leaf_weight=8.3365890979766863 6.3938016891479554 6.378957971930503 9.9478312134742719
leaf_count=22 21 20 29
internal_value=0.00615058 -0.00729046 -0.0195087
internal_weight=31.0572 22.7206 16.3416
internal_count=92 70 50
is_linear=0
shrinkage=0.05


Tree=22
num_leaves=4
num_cat=0
split_feature=8 4 7
split_gain=4.44595 6.93834 2.32591
threshold=46.296231871481609 10.339680680993558 73.838191405403322
decision_type=2 2 2
left_child=1 -1 -2
right_child=2 -3 -4
leaf_value=0.052013916951514028 -0.034594338869035526 -0.012824001305103628 0.0019370371481467854
leaf_weight=7.0267525315284747 8.2778958529233915 7.6585656106472015 7.5657892376184455
leaf_count=27 21 21 23
internal_value=0 0.0192196 -0.0177735
internal_weight=30.529 14.6853 15.8437
internal_count=92 48 44
is_linear=0
shrinkage=0.05


Tree=23
num_leaves=3
num_cat=0
split_feature=8 4
split_gain=6.46007 3.80957
threshold=26.025055451546134 3.031569697316765
decision_type=2 2
left_child=-1 -2
right_child=1 -3
leaf_value=-0.036861458668346073 -0.012405928783073413 0.029411010537856715
leaf_weight=10.25875183939934 9.2277430891990679 10.64983758330345
leaf_count=36 26 30
internal_value=-0.00639976 0.0100945
internal_weight=30.1363 19.8776
internal_count=92 56
is_linear=0
shrinkage=0.05


Tree=24
num_leaves=3
num_cat=0
split_feature=10 4
split_gain=7.12046 1.72077
threshold=14.768174764211809 10.152606861964584
decision_type=2 2
left_child=1 -1
right_child=-2 -3
leaf_value=-0.027400476178322981 0.030469636035552118 0.0043139603847672488
leaf_weight=10.520185932517057 14.538514673709868 6.0292157828807822
leaf_count=35 38 19
internal_value=0.00586258 -0.015974
internal_weight=31.0879 16.5494
internal_count=92 54
is_linear=0
shrinkage=0.05


Tree=25
num_leaves=4
num_cat=0
split_feature=8 4 7
split_gain=4.11637 6.44116 2.29743
threshold=46.296231871481609 10.339680680993558 73.838191405403322
decision_type=2 2 2
left_child=1 -1 -2
right_child=2 -3 -4
leaf_value=0.049747598246732333 -0.034056576050247797 -0.012572605651292158 0.0023538832209441633
leaf_weight=7.117467477917673 8.1704797744750959 7.6319812536239624 7.5304794758558264
leaf_count=27 21 21 23
internal_value=0 0.0184323 -0.0171987
internal_weight=30.4504 14.7494 15.701
internal_count=92 48 44
is_linear=0
shrinkage=0.05


Tree=26
num_leaves=3
num_cat=0
split_feature=7 3
split_gain=5.74404 3.98067
threshold=23.142580930857715 618.10969751459322
decision_type=2 2
left_child=-1 -2
right_child=1 -3
leaf_value=-0.036014670048121748 0.034650845301968151 -0.0084975362849345273
leaf_weight=9.6895765066146868 7.8781874179840115 12.396332353353499
leaf_count=34 22 36
internal_value=-0.00617427 0.00887451
internal_weight=29.9641 20.2745
internal_count=92 58
is_linear=0
shrinkage=0.05


Tree=27
num_leaves=27
num_cat=0
split_feature=9 6 3 7 9 7 3 2 2 4 6 8 4 4 2 4 5 2 9 2 7 5 4 6 4 0
split_gain=18.2347 11.3499 17.3077 10.9399 9.42787 7.31009 6.99219 5.12641 5.07151 4.8551 6.88547 4.82176 4.37183 4.79882 6.82833 4.25718 3.68614 3.22452 2.88134 2.72882 2.52997 2.09379 1.76769 0.627819 0.604069 0.13828
threshold=-32.603789896366344 28.95036375793396 482.78887708842052 3.9916363914000725 -43.254962533709381 16.632154669002229 1777.4563825956168 21.082330074656607 18.647425566073764 -10.244887247335138 15.519414561150194 10.226683245524816 17.568396336869576 25.79143241209977 55.517916504914787 8.7129632650065112 1.310057470815533 25.63058213391378 -16.09020339708567 21.922777713924489 66.710333487436898 0.82175278117149964 -27.762589551313123 28.248363516766435 -7.4498915242272412 37.356840945180785
decision_type=2 2 2 2 2 2 2 2 2 2 2 2 2 2 2 2 2 2 2 2 2 2 2 2 2 2
left_child=1 2 7 -3 5 6 -4 8 -1 10 18 -9 16 -14 17 -13 23 -15 -2 -7 -6 25 -23 -11 -24 -5
right_child=9 3 4 21 20 19 -8 11 -10 12 -12 15 13 14 -16 -17 -18 -19 -20 -21 -22 22 24 -25 -26 -27
leaf_value=0.017367651198571119 -0.035477981894935957 -0.020052170665130722 -0.020287343712161541 0.066110144610465812 0.0060468689891426414 -0.0048195838731318278 0.028044364578418052 -0.013641649806777454 0.079527915510116051 -0.039738873143841731 0.038668744150261045 0.0017622078476726825 0.022031010085249592 -0.00016899293654621436 0.023273898913745417 0.052960930598033265 0.0042335986898722746 -0.035817034589570737 0.006469467321057118 -0.030131636013503646 0.047401307055618735 0.0093815396705575378 0.051827420507195993 -0.015696652652501038 0.02413784613814576 0.037153442980102848
leaf_weight=6.5376883596181861 6.9232942759990692 7.5385564118623725 12.071907192468645 10.125473439693453 7.6063778102397901 15.661058828234671 16.458148032426834 7.8306458294391659 8.2747776508331281 28.782532170414925 9.1871812939643842 7.254471123218539 9.6939847469329816 9.0937921851873416 8.0132844150066358 9.1049391031265241 6.1376291364431372 22.474392533302307 7.6036333441734332 39.876691937446594 7.6324966847896576 8.2617262005805969 7.5683893859386435 5.8275801837444297 8.1872367262840271 7.2291460931301108
leaf_count=24 22 22 36 26 23 47 45 24 24 97 26 24 30 29 23 27 20 78 23 120 21 23 20 21 24 20
internal_value=0.00276554 0.0123482 0.00489146 0.0328139 -0.0061944 -0.0128435 0.00743 0.032692 0.0552422 -0.0129348 0.00681732 0.0170404 -0.0182107 -0.00779934 -0.0155912 0.0319546 -0.0301927 -0.026022 -0.0141974 -0.0232938 0.0287109 0.0428107 0.0304879 -0.0363856 0.0400366 0.0570019
internal_weight=300.957 187.22 138.309 48.9105 99.3067 84.0678 28.5301 39.0025 14.8125 113.737 23.7141 24.1901 90.0232 49.2755 39.5815 16.3594 40.7477 31.5682 14.5269 55.5378 15.2389 41.372 24.0174 34.6101 15.7556 17.3546
internal_count=919 550 415 135 292 248 81 123 48 369 71 75 298 160 130 51 138 107 45 167 44 113 67 118 44 46
is_linear=0
shrinkage=0.05


Tree=28
num_leaves=21
num_cat=0
split_feature=9 3 6 2 1 4 7 6 1 6 6 11 6 4 2 6 1 9 3 6
split_gain=16.5816 9.78114 12.2493 9.45023 9.36128 7.50163 6.44212 4.71427 10.9089 4.27531 3.76753 4.35562 3.74945 3.80744 3.12532 8.25584 3.33567 2.4556 2.2746 1.75279
threshold=-24.388613841975658 358.87728777972819 34.178604673592382 17.867106529748821 533.55128472194053 -34.942891928196815 88.279766616418485 23.279697109169692 2592.133288434763 15.698428946202137 14.884128563563948 101.64170465517562 29.121468516712167 28.232833366616614 37.273119317957729 42.641353415473567 -1041.8498818905837 -5.3753123194105017 2480.4009528919328 8.8465576497189851
decision_type=2 2 2 2 2 2 2 2 2 2 2 2 2 2 2 2 2 2 2 2
left_child=3 17 10 19 5 -5 -4 9 -9 18 11 -3 13 -12 16 -16 -7 -2 -6 -1
right_child=1 2 6 4 7 14 -8 8 -10 -11 12 -13 -14 -15 15 -17 -18 -19 -20 -21
leaf_value=0.0090825840108256246 0.057395292970149364 0.011303733524659444 0.07215637922787195 0.019922246173229394 0.030434175852241799 -0.045164151277525454 0.0078831598188563411 0.063681545450239338 -0.011610333596910286 -0.029247327160469322 -0.0025450558740164209 -0.035685699583492977 -0.023471216501346811 0.028956384915808087 0.013959289265151787 -0.03876714745436665 -0.022140607212221931 0.016641454580835054 -0.0084878925521108175 0.043559508483810662
leaf_weight=9.8814318776130694 12.435737520456316 6.4747043550014522 8.1734730303287488 10.073250532150267 6.4728551208972949 20.740953594446182 7.5932736098766318 8.3848415613174456 9.1557240784168226 11.108416527509688 21.341158211231232 14.393802672624586 8.7996399998664838 15.845764547586439 17.109862133860592 11.563754469156263 90.826695457100868 7.157500982284545 6.5729430168867111 6.269455909729003
leaf_count=29 40 20 28 31 20 58 23 28 27 31 64 40 25 50 53 33 258 21 20 20
internal_value=-0.00299251 0.0133958 0.00556964 -0.0110893 -0.0142217 -0.0200157 0.0438169 0.00652874 0.0256049 -0.00759264 -0.00388951 -0.0210278 0.00406336 0.0111539 -0.0230405 -0.00772606 -0.0268284 0.0442816 0.0112597 0.0245168
internal_weight=310.375 102.215 82.6218 208.16 192.009 150.315 15.7667 41.6948 17.5406 24.1542 66.8551 20.8685 45.9866 37.1869 140.241 28.6736 111.568 19.5932 13.0458 16.1509
internal_count=919 311 250 608 559 433 51 126 55 71 199 60 139 114 402 86 316 61 40 49
is_linear=0
shrinkage=0.05


Tree=29
num_leaves=21
num_cat=0
split_feature=6 6 1 10 1 10 5 7 4 2 6 10 6 1 6 4 9 2 5 0
split_gain=18.5296 17.2559 10.2118 6.91629 8.30424 8.16028 8.455 5.70115 5.38459 4.50413 4.35755 3.81975 5.03582 3.58598 3.45189 2.17853 1.12672 0.33571 0.268821 0.635323
threshold=24.802241698241719 8.7775340114246827 2875.4129110666313 2.6085123435733664 2101.697012664355 -2.9220693804533453 0.84795713010960372 7.36917302879817 11.838700597540244 22.126190928482767 14.921647266227465 1.5187459102347758 33.626452652800502 29.448942156239582 20.605487130850786 35.689244548627691 -13.867256955269442 42.978839063308854 1.2052953827069413 36.758445029613277
decision_type=2 2 2 2 2 2 2 2 2 2 2 2 2 2 2 2 2 2 2 2
left_child=1 13 7 4 5 8 -7 -2 -3 16 -11 18 15 -1 -12 -13 -5 -14 19 -9
right_child=2 3 -4 9 -6 6 -8 11 -10 10 14 12 17 -15 -16 -17 -18 -19 -20 -21
leaf_value=-0.036814768786691654 0.014865113042048692 -0.022579016592171233 0.024645193595538142 -0.037527248409798986 -0.032614328016395154 0.01024663037126248 0.040693986916108649 -0.024034919787026699 0.022123690993698698 0.038923624969735587 -0.023715044831510785 0.010177295037110037 -0.042553633646111672 0.0046867666854621022 0.020296480040549156 -0.021820527387061864 -0.0076562647330244565 -0.019844307603119695 -0.021337932049376198 -0.046199202672746562
leaf_weight=20.762426570057873 8.1596512049436551 13.638494804501535 11.887177959084509 7.3657499104738235 6.0666881054639807 37.396834209561348 63.418430164456367 9.4972262829542142 11.451715767383574 7.4363844245672253 9.4227018803358096 16.028096571564678 10.024276658892633 6.2986911535263053 6.7419739365577689 6.7343710213899604 6.90987581014633 6.7793602496385565 7.0083355009555808 23.375294789671898
leaf_count=73 28 43 33 22 20 112 184 33 32 20 29 50 34 20 20 22 21 22 23 78
internal_value=0.000308398 0.00920227 -0.0171603 0.015149 0.0205258 0.0233626 0.0296604 -0.0231033 -0.00191815 -0.00350259 0.00968798 -0.0272014 -0.0153815 -0.027154 -0.00495436 0 -0.0248437 -0.0353017 -0.0381426 -0.0408419
internal_weight=296.404 196.91 99.4938 169.849 131.972 125.905 100.815 87.6066 25.0902 37.8767 23.6011 79.447 39.5661 27.0611 16.1647 22.7625 14.2756 16.8036 39.8809 32.8725
internal_count=919 596 323 503 391 371 296 290 75 112 69 262 128 93 49 72 43 56 134 111
is_linear=0
shrinkage=0.05


end of trees

feature_importances:
Column_4=47
Column_1=45
Column_2=38
Column_6=38
Column_3=34
Column_8=21
Column_7=18
Column_9=18
Column_0=13
Column_11=13
Column_10=12
Column_5=10

parameters:
[boosting: gbdt]
[objective: multiclass]
[metric: multi_logloss]
[tree_learner: serial]
[device_type: cpu]
[data_sample_strategy: bagging]
[data: ]
[valid: ]
[num_iterations: 300]
[learning_rate: 0.05]
[num_leaves: 63]
[num_threads: 4]
[seed: 42]
[deterministic: 0]
[force_col_wise: 0]
[force_row_wise: 0]
[histogram_pool_size: -1]
[max_depth: 6]
[min_data_in_leaf: 20]
[min_sum_hessian_in_leaf: 0.001]
[bagging_fraction: 0.8]
[pos_bagging_fraction: 1]
[neg_bagging_fraction: 1]
[bagging_freq: 5]
[bagging_seed: 400]
[bagging_by_query: 0]
[feature_fraction: 0.8]
[feature_fraction_bynode: 1]
[feature_fraction_seed: 30056]
[extra_trees: 0]
[extra_seed: 12879]
[early_stopping_round: 0]
[early_stopping_min_delta: 0]
[first_metric_only: 0]
[max_delta_step: 0]
[lambda_l1: 0.1]
[lambda_l2: 1]
[linear_lambda: 0]
[min_gain_to_split: 0]
[drop_rate: 0.1]
[max_drop: 50]
[skip_drop: 0.5]
[xgboost_dart_mode: 0]
[uniform_drop: 0]
[drop_seed: 17869]
[top_rate: 0.2]
[other_rate: 0.1]
[min_data_per_group: 100]
[max_cat_threshold: 32]
[cat_l2: 10]
[cat_smooth: 10]
[max_cat_to_onehot: 4]
[top_k: 20]
[monotone_constraints: ]
[monotone_constraints_method: basic]
[monotone_penalty: 0]
[feature_contri: ]
[forcedsplits_filename: ]
[refit_decay_rate: 0.9]
[cegb_tradeoff: 1]
[cegb_penalty_split: 0]
[cegb_penalty_feature_lazy: ]
[cegb_penalty_feature_coupled: ]
[path_smooth: 0]
[interaction_constraints: ]
[verbosity: -1]
[saved_feature_importance_type: 0]
[use_quantized_grad: 0]
[num_grad_quant_bins: 4]
[quant_train_renew_leaf: 0]
[stochastic_rounding: 1]
[linear_tree: 0]
[max_bin: 255]
[max_bin_by_feature: ]
[min_data_in_bin: 3]
[bin_construct_sample_cnt: 200000]
[data_random_seed: 175]
[is_enable_sparse: 1]
[enable_bundle: 1]
[use_missing: 1]
[zero_as_missing: 0]
[feature_pre_filter: 1]
[pre_partition: 0]
[two_round: 0]
[header: 0]
[label_column: ]
[weight_column: ]
[group_column: ]
[ignore_column: ]
[categorical_feature: ]
[forcedbins_filename: ]
[precise_float_parser: 0]
[parser_config_file: ]
[objective_seed: 16083]
[num_class: 3]
[is_unbalance: 0]
[scale_pos_weight: 1]
[sigmoid: 1]
[boost_from_average: 1]
[reg_sqrt: 0]
[alpha: 0.9]
[fair_c: 1]
[poisson_max_delta_step: 0.7]
[tweedie_variance_power: 1.5]
[lambdarank_truncation_level: 30]
[lambdarank_norm: 1]
[label_gain: ]
[lambdarank_position_bias_regularization: 0]
[eval_at: ]
[multi_error_top_k: 1]
[auc_mu_weights: ]
[num_machines: 1]
[local_listen_port: 12400]
[time_out: 120]
[machine_list_filename: ]
[machines: ]
[gpu_platform_id: -1]
[gpu_device_id: -1]
[gpu_use_dp: 0]
[num_gpu: 1]

end of parameters

pandas_categorical:null
